"";"year";"kommune";"performance_sd";"date";"performance_freq";"reform_sd";"reform_freq";"faktisk_perf";"forventet_perf";"reference";"indbyggertal";"exp";"borgmesterskift";"partiskift";"island";"school_size";"school_size_sd"
"1";2016;"Albertslund Kommune";0,890996378685564;"26-10-2016";27;2,13664570947541;36;6,2;6,5;-0,3;27880;79855;0;0;0;744;2,46321294966086
"2";2016;"Allerød Kommune";2,02229370692842;"31-05-2016";843;2,51631637008938;424;8,1;8;0,0999999999999996;24732;61112;1;1;0;669;2,2149051926386
"3";2016;"Assens Kommune";1,13481370363509;"31-10-2016";64;2,0917620030892;85;7;6,8;0,2;41224;63227;0;0;0;299;0,989920257995428
"4";2016;"Ballerup Kommune";1,14123359390308;"31-05-2016";86;3,02471143956325;143;6,8;6,8;0;48224;72013;0;0;0;1045;3,45975474784355
"5";2016;"Billund Kommune";3,09721183140888;"12-04-2016";238;0,9755174975613;66;7;6,7;0,3;26434;64818;0;0;0;405;1,34086188792023
"6";2016;"Bornholms Kommune";1,94659191801415;"30-08-2016";167;1,82740990484668;138;6,4;6,4;0;39756;64477;0;0;1;460;1,52295424306989
"7";2016;"Brøndby Kommune";0,287804023085211;"20-01-2016";1;0,646917468210867;2;6,2;6,2;0;35322;75700;0;0;0;770;2,54929297209525
"8";2016;"Brønderslev Kommune";2,35135273759729;"29-11-2016";70;4,00363422677612;92;7,2;6,8;0,4;36047;59342;0;0;0;573;1,8970712636501
"9";2016;"Dragør Kommune";1,09826582325928;"30-11-2016";79;2,27362528942163;212;7,8;7,8;0;14142;58575;0;0;0;963;3,18827160016588
"10";2016;"Egedal Kommune";0,756266581413076;"30-03-2016";28;2,66730575124084;89;7,8;7,4;0,399999999999999;42773;65310;0;0;0;1431;4,73771200398481
"11";2016;"Esbjerg Kommune";1,79082413536524;"28-01-2016";92;1,77155505862228;97;6,9;6,9;0;115748;61710;1;0;0;1267;4,19474570862945
"12";2016;"Fanø Kommune";0,515417904216867;"31-08-2016";17;1,07699772828093;42;7,9;7,7;0,2;3290;70175;1;1;1;374;1,23822801501769
"13";2016;"Favrskov Kommune";2,84089995798626;"15-08-2016";89;3,65876770584177;117;7,7;7,3;0,4;47655;57903;0;0;0;479;1,58585887484886
"14";2016;"Faxe Kommune";1,95764583252027;"31-05-2016";97;1,27137627003262;63;6,7;6,6;0,100000000000001;35614;59444;0;0;0;1008;3,33725625437923
"15";2016;"Fredensborg Kommune";2,67078702505703;"31-05-2016";182;1,16969158908338;63;7,7;7,6;0,100000000000001;40112;66208;0;0;0;644;2,13213594029784
"16";2016;"Fredericia Kommune";1,04455205155329;"26-09-2016";24;1,3847953092108;34;6,7;7;-0,3;50689;59575;0;0;0;1045;3,45975474784355
"17";2016;"Frederiksberg Kommune";1,30182176043911;"31-10-2016";151;1,36202177157516;108;7,6;7,6;0;104481;62242;0;0;0;729;2,41355139825641
"18";2016;"Frederikshavn Kommune";3,68323828225038;"29-06-2016";259;1,56178694870739;76;6,8;6,7;0,0999999999999996;60246;63640;0;0;0;1419;4,69798276286124
"19";2016;"Frederikssund Kommune";3,76472722153052;"31-10-2016";126;1,21583413250764;33;6,8;7,1;-0,3;44725;68446;0;0;0;802;2,65523761509141
"20";2016;"Furesø Kommune";5,32702711928176;"24-08-2016";350;1,16321362784154;76;8;7,9;0,0999999999999996;40156;67234;0;0;0;590;1,95335435524181
"21";2016;"Faaborg-Midtfyn Kommune";3,16855398171104;"24-02-2016";92;1,18345326480731;39;6,7;6,6;0,100000000000001;51236;61068;1;1;0;370;1,22498493464317
"22";2016;"Gentofte Kommune";3,25855900523867;"19-08-2016";78;5,26106232364568;134;8,2;8,2;0;75350;56148;0;0;0;698;2,31091752535387
"23";2016;"Gladsaxe Kommune";1,24389939778485;"30-08-2016";88;2,46834220448129;159;7,1;7,3;-0,2;67914;65689;0;0;0;601;1,98977282627175
"24";2016;"Glostrup Kommune";2,04146958724025;"28-01-2016";96;1,62779705143545;78;6,8;6,9;-0,100000000000001;22461;74607;0;0;0;2126;7,03869721905779
"25";2016;"Greve Kommune";1,13088162675034;"30-11-2016";95;1,79909354437588;122;6,8;7;-0,2;49518;63268;0;0;0;543;1,79774816084119
"26";2016;"Gribskov Kommune";1,99781997687965;"31-10-2016";185;1,93633825143148;197;6,6;7;-0,4;41107;61034;1;1;0;584;1,93348973468003
"27";2016;"Guldborgsund Kommune";2,99407681880379;"24-10-2016";162;1,04557153304891;54;6,4;6,5;-0,0999999999999996;60979;62185;0;0;0;379;1,25478186548584
"28";2016;"Haderslev Kommune";2,09535271795216;"31-08-2016";109;2,7996738767582;132;7;6,8;0,2;56029;61217;0;0;0;486;1,60903426550427
"29";2016;"Halsnæs Kommune";2,76855906105377;"29-02-2016";194;1,4967731045394;116;6,2;6,4;-0,2;31049;71624;1;1;0;823;2,72476378705765
"30";2016;"Hedensted Kommune";1,8919434665433;"15-08-2016";38;1,3567213183459;26;7;6,8;0,2;46206;60304;1;1;0;267;0,883975614999261
"31";2016;"Helsingør Kommune";2,04004111662619;"30-05-2016";231;1,20131708547127;111;7;7,3;-0,3;62092;68317;0;0;0;926;3,06577310670156
"32";2016;"Herning Kommune";0,951842938971501;"30-03-2016";112;1,21083606548978;128;7,3;7;0,3;87593;59118;0;0;0;329;1,08924336080433
"33";2016;"Hillerød Kommune";3,23237614708087;"29-03-2016";186;1,28827700468906;97;7,8;7,8;0;49672;67087;1;1;0;654;2,16524364123415
"34";2016;"Holbæk Kommune";2,25954230524007;"31-05-2016";158;1,5914766302888;111;6,6;6,8;-0,2;69972;60071;1;1;0;930;3,07901618707608
"35";2016;"Holstebro Kommune";0,688362881892865;"27-10-2016";23;1,48710009924296;50;7,3;7;0,3;57661;54120;0;0;0;366;1,21174185426865
"36";2016;"Horsens Kommune";3,04438576517901;"11-04-2016";138;3,17993477203933;157;6,8;6,8;0;87736;60762;0;0;0;517;1,71166813840681
"37";2016;"Hvidovre Kommune";2,63695278092108;"28-01-2016";232;1,54626771421119;126;6,6;6,8;-0,2;52831;74035;0;0;0;629;2,08247438889339
"38";2016;"Hørsholm Kommune";1,81470395147545;"26-04-2016";44;0,724575654638519;18;8,2;8,1;0,0999999999999996;24965;61198;0;0;0;634;2,09902823936154
"39";2016;"Ikast-Brande Kommune";2,04895900692398;"28-09-2016";163;1,29116794626317;102;6,7;6,5;0,2;40798;64977;1;0;0;357;1,18194492342598
"40";2016;"Ishøj Kommune";1,97705535878226;"30-11-2016";73;1,4397131575244;47;5,5;5,8;-0,3;22358;80386;0;0;0;412;1,36403727857564
"41";2016;"Jammerbugt Kommune";0,788013635757601;"31-10-2016";27;2,53871067952257;96;7;6,8;0,2;38466;60692;0;0;0;361;1,1951880038005
"42";2016;"Kalundborg Kommune";2,06143088321147;"11-05-2016";160;1,25396550817392;102;6,3;6,5;-0,2;48660;65594;0;0;0;252;0,834314063594809
"43";2016;"Kolding Kommune";1,34969643574126;"23-05-2016";153;1,53251803212612;125;7,4;7;0,4;91695;58104;0;0;0;432;1,43025268044824
"44";2016;"Københavns Kommune";2,29072831594462;"31-08-2016";206;2,68775168186068;278;6,7;6,9;-0,2;591481;67822;0;0;0;609;2,01625898702079
"45";2016;"Køge Kommune";1,38854942170692;"16-06-2016";31;1,24276761990208;41;6,9;6,9;0;59868;63952;1;1;0;474;1,56930502438071
"46";2016;"Langeland Kommune";0,864538204547345;"27-09-2016";32;1,30525898442797;48;6,8;6,5;0,3;12547;90670;1;1;1;312;1,03296026921262
"47";2016;"Lejre Kommune";3,19172556102817;"23-08-2016";241;1,06381757027835;76;7,3;7,3;0;27317;62076;0;0;0;428;1,41700960007372
"48";2016;"Lemvig Kommune";0,510544423036196;"25-10-2016";20;1,24493139806182;40;7;6,8;0,2;20399;65762;0;0;0;244;0,807827902845767
"49";2016;"Lolland Kommune";1,51947231495942;"29-09-2016";40;1,99851953030364;57;5,8;6,1;-0,3;42638;68688;0;0;0;717;2,37382215713285
"50";2016;"Læsø Kommune";1,19475864150628;"21-11-2016";46;1,2982359888211;35;6,7;6,6;0,100000000000001;1817;81522;1;1;1;161;0,533033985074461
"51";2016;"Mariagerfjord Kommune";1,45600437725331;"16-08-2016";35;2,30112177755787;48;7,1;7;0,0999999999999996;42131;64653;0;0;0;407;1,34748342810749
"52";2016;"Morsø Kommune";2,21684601783345;"30-05-2016";97;1,66498057559462;82;6,4;6,5;-0,0999999999999996;20629;67657;0;0;0;416;1,37728035895016
"53";2016;"Norddjurs Kommune";2,3005403302083;"30-03-2016";102;1,03828994984483;56;6,3;6,4;-0,100000000000001;38144;73979;0;0;0;274;0,907151005654673
"54";2016;"Nordfyns Kommune";1,63436345684215;"28-11-2016";50;1,29186267769433;34;6,7;6,5;0,2;29298;64842;0;0;0;525;1,73815429915585
"55";2016;"Nyborg Kommune";1,57851216201458;"17-08-2016";62;0,92406295450998;41;7,1;6,7;0,399999999999999;31886;57545;0;0;0;614;2,03281283748894
"56";2016;"Næstved Kommune";2,7611080744938;"30-05-2016";248;1,67443382851507;142;6,6;6,8;-0,2;82342;55262;0;0;0;689;2,2811205945112
"57";2016;"Odense Kommune";2,74600303885848;"30-08-2016";253;1,72351987389691;183;6,9;6,9;0;198972;57610;0;0;0;456;1,50971116269537
"58";2016;"Odsherred Kommune";1,81946746305225;"29-11-2016";169;1,08142897998846;110;6,3;6,4;-0,100000000000001;32816;77314;0;0;0;1007;3,3339454842856
"59";2016;"Rebild Kommune";2,071407430142;"28-09-2016";158;1,80603483367493;128;7,1;7;0,0999999999999996;29149;61013;0;0;0;401;1,32761880754571
"60";2016;"Ringsted Kommune";1,88717405622444;"24-10-2016";178;1,28128516597479;128;6,7;6,8;-0,0999999999999996;34031;63041;0;0;0;404;1,3375511178266
"61";2016;"Roskilde Kommune";3,09536905378452;"31-05-2016";145;1,13229613914806;60;7,9;7,6;0,300000000000001;86207;73704;0;0;0;444;1,46998192157181
"62";2016;"Rudersdal Kommune";5,71282157632058;"30-11-2016";270;2,59093840429271;148;8,3;8,3;0;55739;63260;0;0;0;556;1,84078817205839
"63";2016;"Rødovre Kommune";1,55616481463183;"17-05-2016";60;1,09979303678721;29;7;6,9;0,0999999999999996;38002;75164;0;0;0;495;1,63883119634695
"64";2016;"Samsø Kommune";0,815081622773298;"29-11-2016";65;1,46351043207188;103;5,4;5,9;-0,5;3710;74411;0;0;1;198;0,655532478538778
"65";2016;"Silkeborg Kommune";1,24737869344265;"14-06-2016";93;2,04148998883789;116;7,2;7,1;0,100000000000001;90719;56646;0;0;0;373;1,23491724492406
"66";2016;"Skanderborg Kommune";2,61704224240301;"29-09-2016";120;3,52521991286911;250;7,7;7,4;0,3;59481;60617;0;0;0;440;1,45673884119728
"67";2016;"Skive Kommune";2,33219609169971;"15-11-2016";120;1,17440900892152;63;7,1;6,9;0,199999999999999;46639;63528;0;0;0;248;0,821070983220288
"68";2016;"Solrød Kommune";4,75864468895112;"26-09-2016";127;1,40195107914344;46;7,4;7,3;0,100000000000001;21788;60324;0;0;0;780;2,58240067303155
"69";2016;"Sorø Kommune";1,6444813647178;"27-09-2016";113;2,56287658894151;138;6,5;6,9;-0,4;29543;60955;0;0;0;502;1,66200658700236
"70";2016;"Stevns Kommune";3,81603258441842;"29-11-2016";155;4,89177413126864;82;6,6;6,6;0;22260;52336;1;1;0;587;1,94342204496092
"71";2016;"Struer Kommune";1,55642773208451;"26-09-2016";33;1,87930868743629;45;6,9;6,7;0,2;21474;66711;1;1;0;325;1,07600028042981
"72";2016;"Svendborg Kommune";1,43966399709807;"20-12-2016";84;3,08741745652044;140;7,1;7;0,0999999999999996;58228;66018;1;1;0;465;1,53950809353804
"73";2016;"Syddjurs Kommune";1,62370198243501;"29-02-2016";67;1,19210701628732;54;7,1;6,9;0,199999999999999;41889;67416;1;1;0;392;1,29782187670304
"74";2016;"Tønder Kommune";1,64577708418666;"12-01-2016";71;2,59530667713084;101;6,5;6,6;-0,0999999999999996;37904;63544;0;0;0;295;0,976677177620907
"75";2016;"Tårnby Kommune";2,35494879227634;"24-11-2016";67;1,58456368375327;40;6,7;6,5;0,2;42860;69046;1;0;0;684;2,26456674404305
"76";2016;"Vallensbæk Kommune";2,53128467265034;"31-08-2016";99;3,11452808003954;111;7,6;7,4;0,199999999999999;15419;66405;0;0;0;667;2,20828365245134
"77";2016;"Varde Kommune";1,52808028675786;"26-10-2016";107;2,26371036247274;55;7,1;6,8;0,3;50289;68071;0;0;0;343;1,13559414211516
"78";2016;"Vejle Kommune";0,405266953451702;"24-11-2016";5;4,09924771618272;45;6,9;7;-0,0999999999999996;111743;59943;0;0;0;415;1,37396958885653
"79";2016;"Vesthimmerlands Kommune";1,74171112201817;"31-05-2016";61;1,90205715373352;65;6,9;6,7;0,2;37296;64999;1;1;0;237;0,784652512190356
"80";2016;"Viborg Kommune";1,40868120891357;"30-08-2016";83;1,35365040984076;92;7,1;7;0,0999999999999996;95776;56998;1;1;0;401;1,32761880754571
"81";2016;"Vordingborg Kommune";3,07071864755354;"27-09-2016";238;2,16302335202492;150;6,3;6,6;-0,3;45806;62237;1;1;0;656;2,17186518142141
"82";2016;"Ærø Kommune";0,73383818211737;"30-03-2016";59;1,90236197150393;126;7;6,6;0,4;6290;61465;1;0;1;460;1,52295424306989
"83";2016;"Aabenraa Kommune";1,24623332853962;"27-09-2016";76;2,0450249426785;126;6,9;6,8;0,100000000000001;58869;63663;0;0;0;303;1,00316333836995
"84";2016;"Aalborg Kommune";2,90449218771869;"28-06-2016";242;1,69474574596694;177;7,3;7,2;0,0999999999999996;210316;65850;0;0;0;369;1,22167416454954
"85";2016;"Aarhus Kommune";0,53186168936034;"29-06-2016";14;2,24551924201899;20;7,3;7,2;0,0999999999999996;330639;62334;0;0;0;578;1,91362511411825
"86";2017;"Albertslund Kommune";3,3465581098385;"28-03-2017";67;2,53580522781635;61;6,3;6,6;-0,3;27896;83456;0;0;0;661;2,18841903188956
"87";2017;"Allerød Kommune";0,591085719395296;"28-03-2017";35;1,15600342653223;52;8;8,1;-0,0999999999999996;24942;68030;1;1;0;810;2,68172377584046
"88";2017;"Assens Kommune";0,977377315530586;"30-01-2017";58;1,83297570549481;118;7,2;6,9;0,3;41390;63637;0;0;0;318;1,0528248897744
"89";2017;"Ballerup Kommune";1,55161300221286;"31-01-2017";116;1,82490644400259;118;7;7,1;-0,0999999999999996;48231;75335;0;0;0;1022;3,38360703569006
"90";2017;"Billund Kommune";2,05540562901079;"31-10-2017";154;2,35028873651192;180;7,2;6,9;0,3;26481;67587;0;0;0;393;1,30113264679667
"91";2017;"Bornholms Kommune";0,610097482417894;"31-01-2017";44;2,58458654346954;133;6,9;6,8;0,100000000000001;39695;65332;0;0;1;404;1,3375511178266
"92";2017;"Brøndby Kommune";1,47311363906068;"24-05-2017";18;3,17903319162948;32;6,1;6,3;-0,2;35594;78387;0;0;0;788;2,60888683378059
"93";2017;"Brønderslev Kommune";0,725803240434509;"21-08-2017";24;2,98633298506031;67;6,9;6,8;0,100000000000001;36128;60571;0;0;0;1042;3,44982243756266
"94";2017;"Dragør Kommune";0,936719970154111;"29-11-2017";56;1,80553391272433;125;7,7;7,9;-0,2;14288;65691;0;0;0;966;3,19820391044677
"95";2017;"Egedal Kommune";2,26845035827148;"17-01-2017";84;1,27325385053553;45;7,6;7,5;0,0999999999999996;43082;66832;0;0;0;1408;4,66156429183131
"96";2017;"Esbjerg Kommune";1,34941735103317;"22-06-2017";53;2,48598729394896;125;7,1;6,9;0,199999999999999;115905;61940;1;0;0;1246;4,12521953666322
"97";2017;"Fanø Kommune";0,947110596764031;"31-05-2017";25;1,12075959527743;42;7,7;7,7;0;3345;69995;1;1;1;390;1,29120033651578
"98";2017;"Favrskov Kommune";2,17182329724415;"10-08-2017";72;1,53823753434744;51;7,5;7,2;0,3;47915;56972;0;0;0;476;1,57592656456797
"99";2017;"Faxe Kommune";2,64189219220437;"31-10-2017";99;1,38861000523005;56;6,4;6,6;-0,199999999999999;35916;60187;0;0;0;869;2,87705921136464
"100";2017;"Fredensborg Kommune";2,68077551840447;"31-01-2017";184;2,80378540524783;120;7,7;7,5;0,2;40504;63890;0;0;0;645;2,13544671039147
"101";2017;"Fredericia Kommune";1,36920323891256;"30-05-2017";25;1,77936406117399;27;6,6;6,8;-0,2;50868;61538;0;0;0;1025;3,39353934597095
"102";2017;"Frederiksberg Kommune";1,58415486067604;"30-10-2017";201;1,04783547369946;105;7,6;7,7;-0,100000000000001;105037;63991;0;0;0;719;2,38044369732011
"103";2017;"Frederikshavn Kommune";1,39586180861371;"15-03-2017";69;2,2081284094169;108;6,8;6,7;0,0999999999999996;60356;66731;0;0;0;1235;4,08880106563329
"104";2017;"Frederikssund Kommune";3,68132570209456;"23-10-2017";135;1,88152379692253;58;6,8;6,9;-0,100000000000001;45036;70121;0;0;0;710;2,35064676647744
"105";2017;"Furesø Kommune";3,43805702736044;"31-01-2017";247;1,56535528869762;90;8,1;7,9;0,199999999999999;40613;68966;0;0;0;596;1,97321897580359
"106";2017;"Faaborg-Midtfyn Kommune";1,34392470866882;"23-08-2017";53;0,939132983302519;35;7,1;6,8;0,3;51376;63786;1;1;0;383;1,26802494586036
"107";2017;"Gentofte Kommune";1,17713093857811;"29-05-2017";27;1,90607941126806;57;8,2;8,2;0;75805;56815;0;0;0;663;2,19504057207682
"108";2017;"Gladsaxe Kommune";1,33890732903964;"31-10-2017";110;1,93823322195298;150;7,3;7,3;0;68775;67488;0;0;0;601;1,98977282627175
"109";2017;"Glostrup Kommune";2,92521585096695;"26-10-2017";188;2,07149423063032;120;6,8;6,8;0;22528;74427;0;0;0;2110;6,98572489755971
"110";2017;"Greve Kommune";1,89319013544718;"31-05-2017";113;1,08776371797165;70;7,1;7,1;0;49921;65078;0;0;0;563;1,8639635627138
"111";2017;"Gribskov Kommune";2,64985061359297;"30-06-2017";97;2,35478169015498;109;6,9;7;-0,0999999999999996;41213;66874;1;1;0;532;1,76132968981126
"112";2017;"Guldborgsund Kommune";2,3492115478054;"24-04-2017";129;1,79701130636802;87;6,2;6,5;-0,3;61257;62918;0;0;0;371;1,2282957047368
"113";2017;"Haderslev Kommune";2,25829818909944;"25-01-2017";142;2,74333922346597;164;6,9;6,8;0,100000000000001;56045;63796;0;0;0;434;1,4368742206355
"114";2017;"Halsnæs Kommune";2,47802251734378;"25-09-2017";167;1,60103768264982;91;6,7;6,8;-0,0999999999999996;31162;71443;1;1;0;674;2,23145904310675
"115";2017;"Hedensted Kommune";0,920556962093473;"30-01-2017";7;0,140461854388017;3;7,2;6,9;0,3;46524;63679;1;1;0;263;0,870732534624741
"116";2017;"Helsingør Kommune";1,73478445620558;"16-01-2017";191;1,18199115246206;138;7,1;7,4;-0,300000000000001;62443;71916;0;0;0;895;2,96313923379902
"117";2017;"Herning Kommune";1,09374580942281;"31-05-2017";81;1,41933198677613;82;7,3;7;0,3;88386;61841;0;0;0;335;1,10910798136611
"118";2017;"Hillerød Kommune";2,15592330881657;"15-05-2017";208;1,2930717130971;92;7,5;7,6;-0,0999999999999996;50109;67650;1;1;0;646;2,1387574804851
"119";2017;"Holbæk Kommune";2,39545583697471;"31-05-2017";135;2,21032401137203;114;6,4;6,7;-0,3;70950;57782;1;1;0;1262;4,1781918581613
"120";2017;"Holstebro Kommune";0,765258210453777;"31-08-2017";19;1,66291860705476;38;7,5;7,2;0,3;58125;57844;0;0;0;406;1,34417265801386
"121";2017;"Horsens Kommune";3,13421652862112;"22-05-2017";130;2,88057430663067;111;6,9;6,8;0,100000000000001;89030;60441;0;0;0;553;1,8308558617775
"122";2017;"Hvidovre Kommune";1,86217006315657;"31-08-2017";183;2,28233729289496;164;6,8;6,8;0;52964;74218;0;0;0;629;2,08247438889339
"123";2017;"Høje-Taastrup Kommune";1,25549123600252;"31-05-2017";70;1,55286043073136;82;6,5;6,5;0;50246;73562;0;0;0;450;1,48984654213359
"124";2017;"Hørsholm Kommune";1,47884151874486;"27-02-2017";42;1,12777785155981;24;8,6;8,4;0,199999999999999;24977;62732;0;0;0;628;2,07916361879976
"125";2017;"Ikast-Brande Kommune";4,06580281762212;"25-01-2017";164;1,568768172376;87;6,7;6,6;0,100000000000001;40981;66564;1;0;0;368;1,21836339445591
"126";2017;"Ishøj Kommune";2,03969469716438;"31-01-2017";68;1,4114200477233;54;6;6,2;-0,2;22719;82063;0;0;0;419;1,38721266923105
"127";2017;"Jammerbugt Kommune";1,88114404636362;"30-01-2017";111;2,59555008303194;140;6,7;6,7;0;38581;61849;0;0;0;355;1,17532338323872
"128";2017;"Kalundborg Kommune";1,82746081780761;"31-01-2017";165;0,95806819983361;52;6,3;6,4;-0,100000000000001;48736;68008;0;0;0;243;0,804517132752137
"129";2017;"Kolding Kommune";1,51619576155603;"15-08-2017";106;0,972835141657529;52;7,4;7,1;0,300000000000001;92282;59627;0;0;0;430;1,42363114026098
"130";2017;"Københavns Kommune";1,88620421164692;"30-08-2017";139;3,34573222777929;247;6,9;7;-0,0999999999999996;602481;67009;0;0;0;624;2,06592053842524
"131";2017;"Køge Kommune";0,889420199887438;"31-01-2017";33;1,54832866006399;50;6,8;6,8;0;60109;64670;1;1;0;465;1,53950809353804
"132";2017;"Langeland Kommune";0,611328152644648;"24-10-2017";30;1,2649826037218;47;6,1;6,4;-0,300000000000001;12578;91634;1;1;1;311;1,02964949911899
"133";2017;"Lejre Kommune";1,80005164355374;"31-01-2017";126;1,25375353772766;98;7,2;7,3;-0,0999999999999996;27402;64523;0;0;0;418;1,38390189913742
"134";2017;"Lemvig Kommune";0,486967557959209;"30-05-2017";19;0,85774507644737;26;7,1;7,1;0;20291;65897;0;0;0;239;0,791274052377616
"135";2017;"Lolland Kommune";0;"07-12-2017";0;0;0;5,7;6,1;-0,399999999999999;42285;67930;0;0;0;932;3,08563772726334
"136";2017;"Læsø Kommune";0,926309506143424;"16-05-2017";24;1,56552609776398;45;5,5;5,7;-0,2;1793;89715;1;1;1;157;0,51979090469994
"137";2017;"Mariagerfjord Kommune";1,83005413223239;"15-08-2017";50;1,93729714361119;66;7,1;6,8;0,3;42066;66689;0;0;0;423;1,40045574960557
"138";2017;"Morsø Kommune";2,43676478878176;"25-10-2017";105;1,69212332190317;72;6,3;6,3;0;20665;68910;0;0;0;419;1,38721266923105
"139";2017;"Norddjurs Kommune";2,88382024956969;"25-10-2017";154;1,0037735157939;49;6,6;6,4;0,199999999999999;38099;74564;0;0;0;267;0,883975614999261
"140";2017;"Nordfyns Kommune";1,59836150363179;"31-01-2017";52;1,23543725255572;42;6,7;6,7;0;29446;65067;0;0;0;525;1,73815429915585
"141";2017;"Nyborg Kommune";1,33191120722832;"25-10-2017";57;1,70682052473569;78;6,7;6,6;0,100000000000001;32142;57981;0;0;0;590;1,95335435524181
"142";2017;"Næstved Kommune";3,42184783053013;"26-06-2017";325;1,6326638691052;126;6,7;6,8;-0,0999999999999996;82581;56342;0;0;0;1283;4,24771803012754
"143";2017;"Odder Kommune";0;"12-12-2017";0;5,25473313803006;5;7,2;7,3;-0,0999999999999996;22331;59158;0;0;0;292;0,966744867340016
"144";2017;"Odense Kommune";1,51311945065997;"31-10-2017";185;1,86147584313558;195;6,9;6,9;0;200563;60679;0;0;0;464;1,53619732344441
"145";2017;"Odsherred Kommune";1,8799251040424;"17-01-2017";205;1,41411634332464;136;6,3;6,4;-0,100000000000001;33023;78095;0;0;0;810;2,68172377584046
"146";2017;"Rebild Kommune";1,76576867490225;"27-09-2017";205;2,02819235054293;175;7,5;7,4;0,0999999999999996;29391;60332;0;0;0;396;1,31106495707756
"147";2017;"Ringsted Kommune";1,80579382490902;"27-11-2017";123;3,10768142789405;128;6,7;6,7;0;34259;64545;0;0;0;382;1,26471417576673
"148";2017;"Roskilde Kommune";2,48482224970328;"31-01-2017";113;1,23094107632139;66;7,5;7,6;-0,0999999999999996;87015;73569;0;0;0;463;1,53288655335078
"149";2017;"Rudersdal Kommune";1,91946586208884;"29-11-2017";101;1,8314095220775;100;8,3;8,3;0;56133;62967;0;0;0;548;1,81430201130935
"150";2017;"Rødovre Kommune";2,82867868400096;"17-01-2017";92;2,85008715445208;76;6,8;6,8;0;38492;76625;0;0;0;470;1,55606194400619
"151";2017;"Samsø Kommune";0,856683183309069;"31-10-2017";52;0,815101409510219;64;6,8;6,8;0;3724;82388;0;0;1;194;0,642289398164257
"152";2017;"Silkeborg Kommune";1,73809253602478;"09-02-2017";115;2,17454730931086;143;7,4;7,2;0,2;91237;58003;0;0;0;379;1,25478186548584
"153";2017;"Skanderborg Kommune";1,54597672684207;"28-09-2017";113;3,36415721264925;305;7,5;7,4;0,0999999999999996;60401;62136;0;0;0;436;1,44349576082276
"154";2017;"Skive Kommune";2,73123312656715;"30-05-2017";113;1,88332395623169;81;7,2;7;0,2;46540;64472;0;0;0;264;0,874043304718371
"155";2017;"Slagelse Kommune";0;"11-12-2017";0;0;0;6,4;6,5;-0,0999999999999996;78828;67278;1;1;0;352;1,16539107295783
"156";2017;"Solrød Kommune";2,7605785768316;"31-03-2017";94;2,68637688097802;93;7,7;7,3;0,4;22147;60541;0;0;0;687;2,27449905432394
"157";2017;"Sorø Kommune";1,19460674021718;"31-10-2017";71;2,61174537840398;104;7;7;0;29595;62175;0;0;0;483;1,59910195522338
"158";2017;"Stevns Kommune";1,98098842730176;"26-09-2017";78;2,30388949039345;97;6,4;6,6;-0,199999999999999;22492;52504;1;1;0;581;1,92355742439914
"159";2017;"Struer Kommune";1,75018843330456;"19-06-2017";55;3,1505967979422;79;7,1;7,2;-0,100000000000001;21347;66453;1;1;0;312;1,03296026921262
"160";2017;"Svendborg Kommune";1,0121993389619;"30-01-2017";60;1,53782355927513;95;7,2;7,1;0,100000000000001;58510;68065;1;1;0;461;1,52626501316352
"161";2017;"Syddjurs Kommune";2,05232134788903;"30-01-2017";118;1,35522114917432;74;7,1;7;0,0999999999999996;42021;67402;1;1;0;383;1,26802494586036
"162";2017;"Sønderborg Kommune";0;"11-12-2017";0;0;0;6,9;6,8;0,100000000000001;74801;65943;0;0;0;387;1,28126802623488
"163";2017;"Thisted Kommune";1,78816338647553;"07-11-2017";17;2,00716604992378;14;6,8;6,9;-0,100000000000001;43826;64303;1;1;0;281;0,930326396310084
"164";2017;"Tønder Kommune";6,42051055282806;"15-08-2017";251;2,17673530584744;105;6,3;6,4;-0,100000000000001;37928;64215;0;0;0;282;0,933637166403714
"165";2017;"Tårnby Kommune";0,706539174362443;"23-11-2017";19;2,64911555009216;71;7;6,9;0,0999999999999996;43010;68811;1;0;0;613;2,02950206739531
"166";2017;"Vallensbæk Kommune";2,98480449095354;"30-08-2017";65;1,14533658646936;34;6,9;7;-0,0999999999999996;15705;67352;0;0;0;679;2,2480128935749
"167";2017;"Varde Kommune";1,90018709996792;"29-06-2017";163;0,909987600828278;69;7;6,8;0,2;50452;66171;0;0;0;298;0,986609487901797
"168";2017;"Vejle Kommune";1,93318450100504;"30-11-2017";64;2,05486602894991;69;7,1;7,1;0;113243;63268;0;0;0;415;1,37396958885653
"169";2017;"Vesthimmerlands Kommune";1,82979130801553;"31-10-2017";73;1,6216419855417;77;6,8;6,7;0,0999999999999996;37285;65464;1;1;0;248;0,821070983220288
"170";2017;"Viborg Kommune";0,92306543145626;"31-10-2017";78;1,43102394601013;98;7,3;7;0,3;96477;59457;1;1;0;393;1,30113264679667
"171";2017;"Vordingborg Kommune";4,21464174985701;"31-01-2017";339;1,44058464045469;109;6,1;6,6;-0,5;46037;62062;1;1;0;636;2,1056497795488
"172";2017;"Ærø Kommune";0,811989876105604;"21-03-2017";59;1,55622685747838;105;7,1;7;0,0999999999999996;6177;60492;1;0;1;444;1,46998192157181
"173";2017;"Aabenraa Kommune";1,43470268481512;"31-01-2017";103;1,53920601581907;95;6,8;6,7;0,0999999999999996;59003;65407;0;0;0;297;0,983298717808167
"174";2017;"Aalborg Kommune";1,75504673459058;"23-01-2017";199;1,7409662395847;182;7,2;7,1;0,100000000000001;211937;66722;0;0;0;375;1,24153878511132
"175";2017;"Aarhus Kommune";0,556711744631527;"31-05-2017";6;0,929128339867432;12;7,4;7,3;0,100000000000001;335684;63473;0;0;0;582;1,92686819449277
"176";2018;"Albertslund Kommune";1,76418313981552;"29-10-2018";55;1,81551819053693;59;6,1;6,4;-0,300000000000001;27743;83716;0;0;0;603;1,99639436645901
"177";2018;"Allerød Kommune";0,817071983619311;"31-10-2018";77;1,57169068165392;128;8,2;8;0,199999999999999;25235;66901;1;1;0;783;2,59233298331244
"178";2018;"Assens Kommune";0,990961821369993;"30-04-2018";45;1,41377385501935;88;7;6,7;0,3;41328;64838;0;0;0;336;1,11241875145974
"179";2018;"Ballerup Kommune";1,58537955026008;"27-11-2018";75;2,43569130999103;126;7,3;7,2;0,0999999999999996;48295;79247;0;0;0;995;3,29421624316204
"180";2018;"Billund Kommune";1,77335656111807;"26-09-2018";132;1,53180957501185;84;7,1;6,7;0,399999999999999;26482;69247;0;0;0;383;1,26802494586036
"181";2018;"Bornholms Kommune";1,81132363148194;"30-01-2018";96;1,87368243781693;126;6,7;6,7;0;39632;66890;0;0;1;359;1,18856646361324
"182";2018;"Brøndby Kommune";2,09584206364655;"24-10-2018";13;1,86083929107338;11;6,7;6,4;0,3;35538;79678;0;0;0;793;2,62544068424874
"183";2018;"Brønderslev Kommune";0,877843093191852;"29-05-2018";16;4,56569294565661;67;7,5;7,1;0,4;36289;60811;0;0;0;1011;3,34718856466012
"184";2018;"Dragør Kommune";0,823260912707742;"31-05-2018";29;2,47051924601886;104;7,9;7,6;0,300000000000001;14272;66548;0;0;0;770;2,54929297209525
"185";2018;"Egedal Kommune";1,79536494059542;"30-11-2018";43;0,930335504845883;28;7,1;7,3;-0,2;43000;67713;0;0;0;1230;4,07224721516514
"186";2018;"Esbjerg Kommune";0,832048980188735;"27-08-2018";74;4,23840923439308;315;7;6,9;0,0999999999999996;116032;64247;1;0;0;1230;4,07224721516514
"187";2018;"Fanø Kommune";2,21280715215618;"31-10-2018";67;0,968435122614398;28;6,3;6,7;-0,4;3401;69491;1;1;1;380;1,25809263557947
"188";2018;"Favrskov Kommune";2,25159403765898;"18-01-2018";100;1,23542757256539;66;7,3;7,1;0,2;48271;60181;0;0;0;474;1,56930502438071
"189";2018;"Faxe Kommune";1,56741787260139;"31-10-2018";93;2,08304264522316;72;6,5;6,6;-0,0999999999999996;36139;63934;0;0;0;845;2,79760072911751
"190";2018;"Fredensborg Kommune";3,0944781584898;"31-05-2018";144;1,95125589806676;129;7,7;7,6;0,100000000000001;40779;66682;0;0;0;630;2,08578515898702
"191";2018;"Fredericia Kommune";1,87994032740754;"30-05-2018";50;1,61135751007961;47;6,5;6,5;0;51326;64293;0;0;0;999;3,30745932353656
"192";2018;"Frederiksberg Kommune";1,25970068333824;"29-10-2018";202;1,003455471794;158;7,6;7,7;-0,100000000000001;104410;67244;0;0;0;707;2,34071445619655
"193";2018;"Frederikshavn Kommune";0,904287290691617;"21-08-2018";36;3,34854765928792;129;6,7;6,6;0,100000000000001;60140;66149;0;0;0;1063;3,51934860952889
"194";2018;"Frederikssund Kommune";2,64475250005014;"23-01-2018";149;2,0077773928142;83;7,1;7,2;-0,100000000000001;45189;67857;0;0;0;683;2,26125597394942
"195";2018;"Furesø Kommune";1,89624562596139;"14-08-2018";83;0,830846132941007;33;7,7;7,7;0;40911;70150;0;0;0;607;2,00963744683353
"196";2018;"Faaborg-Midtfyn Kommune";2,34476525578335;"23-10-2018";76;2,51589316486793;93;7,1;6,9;0,199999999999999;51536;65149;1;1;0;399;1,32099726735845
"197";2018;"Gentofte Kommune";0,714413276236303;"29-10-2018";12;1,90882457815619;50;8,3;8,1;0,200000000000001;75803;58893;0;0;0;631;2,08909592908065
"198";2018;"Gladsaxe Kommune";1,25612720615775;"30-08-2018";138;2,66927398371359;275;7,1;7,3;-0,2;69484;69693;0;0;0;605;2,00301590664627
"199";2018;"Glostrup Kommune";1,53271995929023;"25-01-2018";95;2,61348542692162;152;6,3;6,8;-0,5;22663;75819;0;0;0;2056;6,80694331250368
"200";2018;"Greve Kommune";1,53084408571615;"31-05-2018";85;1,7048751309569;95;6,7;6,9;-0,2;49974;67577;0;0;0;585;1,93680050477366
"201";2018;"Gribskov Kommune";1,57615894335778;"29-10-2018";118;2,20619000764039;186;6,8;7;-0,2;41217;68338;1;1;0;449;1,48653577203996
"202";2018;"Guldborgsund Kommune";2,3698906093496;"23-04-2018";115;1,45406288072299;79;6,5;6,6;-0,0999999999999996;61219;65721;0;0;0;366;1,21174185426865
"203";2018;"Haderslev Kommune";1,12417829697856;"15-08-2018";57;1,9832139583985;90;6,9;6,9;0;55963;64031;0;0;0;386;1,27795725614125
"204";2018;"Halsnæs Kommune";2,18707213862297;"25-09-2018";99;2,40458473615133;114;6,5;6,7;-0,2;31168;73002;1;1;0;557;1,84409894215202
"205";2018;"Hedensted Kommune";1,5609714714047;"13-08-2018";40;2,85509930170097;64;7;6,9;0,0999999999999996;46616;65203;1;1;0;257;0,850867914062959
"206";2018;"Helsingør Kommune";1,5465995893674;"30-04-2018";278;2,20924667363204;366;7;7,2;-0,2;62686;71328;0;0;0;866;2,86712690108375
"207";2018;"Herlev Kommune";3,31236623489321;"30-10-2018";53;3,8618364493007;75;6,7;6,8;-0,0999999999999996;28572;70328;0;0;0;674;2,23145904310675
"208";2018;"Herning Kommune";1,53272135067675;"30-05-2018";129;1,79293265966925;121;7,3;7;0,3;88733;61048;0;0;0;331;1,09586490099159
"209";2018;"Hillerød Kommune";2,67714552418854;"19-03-2018";168;2,0518143411157;141;7,6;7,6;0;50650;68225;1;1;0;641;2,12220363001695
"210";2018;"Hjørring Kommune";1,83059229449709;"29-10-2018";143;2,70261719204714;224;6,7;6,6;0,100000000000001;65257;63961;0;0;0;820;2,71483147677676
"211";2018;"Holbæk Kommune";3,52896531813518;"31-10-2018";203;1,55942369237799;97;6,6;6,8;-0,2;70983;58667;1;1;0;1181;3,91001948057726
"212";2018;"Holstebro Kommune";1,3493274744198;"28-06-2018";44;2,68801198521262;99;7,1;7;0,0999999999999996;58418;58656;0;0;0;371;1,2282957047368
"213";2018;"Horsens Kommune";2,66727829148762;"24-05-2018";222;4,63395898297922;288;7;6,8;0,2;89598;61606;0;0;0;581;1,92355742439914
"214";2018;"Hvidovre Kommune";2,91185048144991;"30-05-2018";229;3,13202406482998;229;6,8;6,8;0;53282;73965;0;0;0;627;2,07585284870613
"215";2018;"Høje-Taastrup Kommune";2,49612972523651;"30-05-2018";133;2,92699176793061;112;6,2;6,4;-0,2;50596;74946;0;0;0;456;1,50971116269537
"216";2018;"Hørsholm Kommune";1,18986756105101;"30-08-2018";52;1,1357486355908;44;8,2;8,2;0;25028;65424;0;0;0;626;2,0725420786125
"217";2018;"Ikast-Brande Kommune";3,72201324680164;"31-10-2018";180;1,71299832350606;84;6,8;6,6;0,2;41191;66020;1;0;0;378;1,25147109539221
"218";2018;"Ishøj Kommune";1,70006522940962;"20-08-2018";69;2,39682038440048;103;5,9;6,1;-0,199999999999999;22988;83861;0;0;0;407;1,34748342810749
"219";2018;"Jammerbugt Kommune";2,17423253317288;"29-01-2018";101;2,39537908258618;148;6,7;6,7;0;38638;63260;0;0;0;347;1,14883722248968
"220";2018;"Kalundborg Kommune";1,946926247205;"09-01-2018";138;2,79789243197567;185;6;6,5;-0,5;48982;69771;0;0;0;253;0,837624833688439
"221";2018;"Kerteminde Kommune";1,52481746267851;"29-01-2018";40;2,36463450151118;55;7,2;7;0,2;23756;68491;1;1;0;340;1,12566183183427
"222";2018;"Kolding Kommune";1,91865373046293;"22-08-2018";132;1,67649096908029;122;7,5;7,1;0,4;92515;59452;0;0;0;427;1,41369882998009
"223";2018;"Københavns Kommune";1,76074138175705;"29-08-2018";175;4,29176060039169;310;6,9;7;-0,0999999999999996;613288;69256;0;0;0;647;2,14206825057873
"224";2018;"Køge Kommune";1,39036407566834;"30-10-2018";53;1,22392737210709;57;7;7,1;-0,0999999999999996;60356;66811;1;1;0;452;1,49646808232085
"225";2018;"Langeland Kommune";0,661538382488979;"27-02-2018";23;1,09345662698856;48;5,9;6,3;-0,399999999999999;12641;96887;1;1;1;300;0,993231028089058
"226";2018;"Lejre Kommune";3,48226754482418;"30-01-2018";198;2,18321841374288;115;7,3;7,3;0;27544;66229;0;0;0;410;1,35741573838838
"227";2018;"Lemvig Kommune";1,03833623987465;"26-06-2018";32;1,58622339070455;54;7,1;7;0,0999999999999996;20133;72629;0;0;0;238;0,787963282283986
"228";2018;"Lolland Kommune";2,60160013797179;"27-09-2018";117;1,72741884774131;77;5,7;6;-0,3;41982;71434;0;0;0;1312;4,34373036284281
"229";2018;"Læsø Kommune";0,581011492181795;"17-12-2018";18;2,25169009747579;76;6;6,1;-0,0999999999999996;1807;92435;1;1;1;150;0,496615514044529
"230";2018;"Mariagerfjord Kommune";1,09389348004782;"15-05-2018";37;1,99203406906351;83;7,2;7;0,2;42125;68524;0;0;0;452;1,49646808232085
"231";2018;"Middelfart Kommune";3,20855704229299;"20-02-2018";82;0,893755456081641;18;7,2;7,2;0;38210;62856;0;0;0;302;0,999852568276318
"232";2018;"Morsø Kommune";2,05772620569457;"24-10-2018";95;1,85336138511803;99;6,1;6,6;-0,5;20514;68923;0;0;0;408;1,35079419820112
"233";2018;"Norddjurs Kommune";1,06764467118392;"31-05-2018";81;1,09723699050392;111;6,3;6,3;0;38197;74363;0;0;0;262;0,86742176453111
"234";2018;"Nordfyns Kommune";2,789799591034;"29-11-2018";54;1,46148737543083;34;7;6,8;0,2;29516;67645;0;0;0;516;1,70835736831318
"235";2018;"Nyborg Kommune";1,32476292749456;"26-09-2018";66;2,00613827528529;84;7;6,7;0,3;32032;59216;0;0;0;574;1,90038203374373
"236";2018;"Næstved Kommune";2,36372639254533;"20-08-2018";258;1,97068343743022;192;6,8;6,8;0;82938;66375;0;0;0;1265;4,18812416844219
"237";2018;"Odder Kommune";1,52161978741257;"26-02-2018";68;0,888297682346823;51;7,4;7,2;0,2;22626;63149;0;0;0;290;0,960123327152756
"238";2018;"Odense Kommune";1,51542805026083;"30-10-2018";220;1,43890877239968;166;7,1;6,9;0,199999999999999;202348;62856;0;0;0;472;1,56268348419345
"239";2018;"Odsherred Kommune";1,45289717426064;"16-01-2018";100;2,04463890665743;140;6,3;6,5;-0,2;33083;79033;0;0;0;760;2,51618527115895
"240";2018;"Randers Kommune";2,04338287058878;"30-01-2018";191;1,66465658242245;117;6,7;6,6;0,100000000000001;98265;62758;1;1;0;443;1,46667115147818
"241";2018;"Rebild Kommune";0,875823953206989;"29-10-2018";90;1,93059884479534;143;7,5;7,3;0,2;29827;62887;0;0;0;394;1,3044434168903
"242";2018;"Ringkøbing-Skjern Kommune";2,1943319578898;"29-05-2018";586;1,24542192981517;235;6,7;6,6;0,100000000000001;57005;62699;1;0;0;235;0,778030972003095
"243";2018;"Ringsted Kommune";2,12264658213746;"29-05-2018";152;2,26232496742982;192;6,9;7;-0,0999999999999996;34473;67553;0;0;0;369;1,22167416454954
"244";2018;"Roskilde Kommune";2,34862415851353;"28-11-2018";144;4,01321775311063;175;7,6;7,6;0;87382;73989;0;0;0;487;1,6123450355979
"245";2018;"Rudersdal Kommune";3,37489289433533;"28-11-2018";193;2,97416280573714;175;8,2;8,1;0,0999999999999996;55989;64203;0;0;0;542;1,79443739074756
"246";2018;"Rødovre Kommune";3,95564990977647;"16-01-2018";85;3,14729500822446;119;6,8;6,9;-0,100000000000001;39343;80540;0;0;0;511;1,69180351784503
"247";2018;"Samsø Kommune";1,15990453331085;"30-10-2018";58;0,875243514253332;68;6,4;6,3;0,100000000000001;3720;83258;0;0;1;198;0,655532478538778
"248";2018;"Silkeborg Kommune";1,90712816551799;"17-09-2018";105;2,667731879827;168;7,2;7,2;0;92024;59463;0;0;0;397;1,31437572717119
"249";2018;"Skanderborg Kommune";1,37681993838397;"31-01-2018";98;3,01237803544665;227;7,7;7,4;0,3;61158;64734;0;0;0;435;1,44018499072913
"250";2018;"Skive Kommune";1,2612744287786;"29-11-2018";85;2,36002589215379;113;7,3;6,9;0,399999999999999;46599;66148;0;0;0;283;0,936947936497345
"251";2018;"Slagelse Kommune";1,06364684381553;"26-03-2018";127;4,40909586069161;226;6,8;6,6;0,2;78968;69384;1;1;0;346;1,14552645239605
"252";2018;"Solrød Kommune";2,40139705490687;"25-09-2018";97;2,35222041993518;87;7,7;7,3;0,4;22518;64473;0;0;0;686;2,27118828423031
"253";2018;"Sorø Kommune";1,23665498439443;"28-02-2018";69;2,62261934024367;130;6,7;6,9;-0,2;29669;62816;0;0;0;470;1,55606194400619
"254";2018;"Stevns Kommune";2,33725503859531;"25-09-2018";150;3,30591124971457;126;6,4;6,7;-0,3;22727;57470;1;1;0;569;1,88382818327558
"255";2018;"Struer Kommune";1,33322127678669;"29-11-2018";40;1,6762622636419;44;7,2;7;0,2;21270;68639;1;1;0;296;0,979987947714537
"256";2018;"Svendborg Kommune";1,0216130398002;"27-08-2018";46;1,93615064141189;98;6,9;7,1;-0,199999999999999;58698;71508;1;1;0;456;1,50971116269537
"257";2018;"Syddjurs Kommune";3,20470874038924;"26-03-2018";196;2,14340620952076;125;6,9;6,9;0;42468;68819;1;1;0;366;1,21174185426865
"258";2018;"Sønderborg Kommune";1,21565032687925;"27-06-2018";57;2,32008600973686;104;6,8;6,8;0;74650;68067;0;0;0;358;1,18525569351961
"259";2018;"Thisted Kommune";1,58473238167028;"16-05-2018";98;1,72698630586138;115;6,5;6,7;-0,2;43716;66638;1;1;0;277;0,917083315935563
"260";2018;"Tønder Kommune";2,77048487748442;"15-05-2018";127;2,03963189806737;73;6,3;6,4;-0,100000000000001;37777;65573;0;0;0;266;0,880664844905631
"261";2018;"Tårnby Kommune";1,11459344751145;"29-05-2018";37;2,45048493971688;68;6,6;6,7;-0,100000000000001;43063;70472;1;0;0;574;1,90038203374373
"262";2018;"Vallensbæk Kommune";3,43282388604378;"29-08-2018";118;1,02673730638464;46;7;7,1;-0,0999999999999996;16280;68975;0;0;0;691;2,28774213469846
"263";2018;"Varde Kommune";1,47193812143435;"28-06-2018";126;2,93286750809797;206;6,7;6,7;0;50301;68585;0;0;0;260;0,86080022434385
"264";2018;"Vejen Kommune";3,04681080178681;"26-06-2018";128;1,75127592478461;80;6,8;6,7;0,0999999999999996;42844;63511;0;0;0;315;1,04289257949351
"265";2018;"Vejle Kommune";1,40547715464207;"31-05-2018";65;1,47442073617646;66;7,1;7;0,0999999999999996;114140;63222;0;0;0;415;1,37396958885653
"266";2018;"Vesthimmerlands Kommune";1,85143718952427;"27-11-2018";63;1,99165952758767;75;6,6;6,6;0;37277;64917;1;1;0;256;0,847557143969329
"267";2018;"Viborg Kommune";1,42634524786965;"30-10-2018";76;1,31309550397739;83;7,1;7;0,0999999999999996;96883;60820;1;1;0;383;1,26802494586036
"268";2018;"Vordingborg Kommune";3,55666774216657;"31-05-2018";276;1,5979097262906;90;6,4;6,7;-0,3;46087;63811;1;1;0;614;2,03281283748894
"269";2018;"Ærø Kommune";1,10187178441114;"20-08-2018";81;1,27245290618723;85;7,1;7;0,0999999999999996;6178;63500;1;0;1;440;1,45673884119728
"270";2018;"Aabenraa Kommune";1,7224953770971;"30-01-2018";161;1,27333816923182;149;6,8;6,6;0,2;59089;65813;0;0;0;288;0,953501786965495
"271";2018;"Aalborg Kommune";2,5032700572291;"30-01-2018";270;1,51877368735032;164;7,3;7,2;0,0999999999999996;213558;68294;0;0;0;382;1,26471417576673
"272";2018;"Aarhus Kommune";1,28965670804999;"31-01-2018";22;0,40620749942748;7;7,2;7,3;-0,0999999999999996;340421;64747;0;0;0;589;1,95004358514818
"273";2019;"Albertslund Kommune";0,542956168195361;"20-03-2019";6;0,940057390260745;11;6,4;6,5;-0,0999999999999996;27877;87933;0;0;0;598;1,97984051599086
"274";2019;"Allerød Kommune";0,908704268390815;"30-01-2019";18;1,33971044544573;28;8,1;8;0,0999999999999996;25646;70915;1;1;0;771;2,55260374218888
"275";2019;"Assens Kommune";0,399326436651538;"07-01-2019";6;2,50334177185119;38;6,8;6,7;0,0999999999999996;41212;65062;0;0;0;328;1,0859325907107
"276";2019;"Ballerup Kommune";1,68969466962872;"15-01-2019";30;1,75016179546924;28;7;7;0;48458;81103;0;0;0;990;3,27766239269389
"277";2019;"Billund Kommune";1,62832188093414;"27-02-2019";19;1,68004977453523;33;7;6,8;0,2;26629;67751;0;0;0;380;1,25809263557947
"278";2019;"Bornholms Kommune";1,45412701510041;"18-03-2019";19;1,0114965330988;25;6,4;6,4;0;39572;66327;0;0;1;349;1,15545876267694
"279";2019;"Brøndby Kommune";0,540527456291877;"23-01-2019";1;0,677062455297655;1;5,8;6,1;-0,3;35397;82036;0;0;0;791;2,61881914406148
"280";2019;"Brønderslev Kommune";1,38505770398699;"15-01-2019";5;10,6565874902963;51;7;7;0;36370;61218;0;0;0;998;3,30414855344293
"281";2019;"Dragør Kommune";2,25666410026611;"17-01-2019";27;3,06150504859509;32;7,8;7,8;0;14270;60141;0;0;0;645;2,13544671039147
"282";2019;"Egedal Kommune";0,246872505629002;"15-01-2019";2;3,04953754138458;18;7,3;7,3;0;43335;68453;0;0;0;1082;3,58225324130787
"283";2019;"Esbjerg Kommune";0,966610721723631;"28-01-2019";26;2,02558127902104;32;7,1;7;0,0999999999999996;115652;66416;1;0;0;1218;4,03251797404157
"284";2019;"Fanø Kommune";0,154546257062116;"27-03-2019";1;1,47059885326511;10;8,3;7,5;0,800000000000001;3404;68991;1;1;1;368;1,21836339445591
"285";2019;"Favrskov Kommune";0,976453869945735;"17-01-2019";26;1,658971133123;42;7,2;7,2;0;48374;61567;0;0;0;473;1,56599425428708
"286";2019;"Faxe Kommune";1,46925435323855;"27-03-2019";16;1,66737132707863;13;6,4;6,7;-0,3;36513;63146;0;0;0;834;2,76118225808758
"287";2019;"Fredensborg Kommune";1,8574599970444;"14-01-2019";49;2,49133993685621;45;7,5;7,4;0,0999999999999996;40819;70766;0;0;0;619;2,04936668795709
"288";2019;"Fredericia Kommune";0,674819992016567;"06-02-2019";1;0,687575847460662;1;6,7;6,8;-0,0999999999999996;51427;67463;0;0;0;987;3,267730082413
"289";2019;"Frederiksberg Kommune";0,355262206636087;"25-03-2019";15;0,496987950647574;24;7,5;7,5;0;103960;64146;0;0;0;716;2,37051138703922
"290";2019;"Frederikshavn Kommune";2,0503581144631;"15-01-2019";30;1,32479653196784;17;6,7;6,6;0,100000000000001;59987;66598;0;0;0;1034;3,42333627681362
"291";2019;"Frederikssund Kommune";1,89325873477556;"19-03-2019";31;1,91748137154458;38;6,8;7;-0,2;45332;69504;0;0;0;667;2,20828365245134
"292";2019;"Furesø Kommune";0,494789805724976;"06-02-2019";4;1,00828524350504;8;7,8;7,8;0;41069;70613;0;0;0;613;2,02950206739531
"293";2019;"Faaborg-Midtfyn Kommune";1,46255280914063;"26-03-2019";26;1,53715437518045;21;6,6;6,4;0,199999999999999;51809;65106;1;1;0;402;1,33092957763934
"294";2019;"Gentofte Kommune";4,1786930274872;"05-02-2019";19;1,56861939289102;7;8,2;8,1;0,0999999999999996;75176;58904;0;0;0;629;2,08247438889339
"295";2019;"Gladsaxe Kommune";5,89013409447285;"07-03-2019";42;3,46818738212785;32;7,5;7,4;0,0999999999999996;69681;71758;0;0;0;610;2,01956975711442
"296";2019;"Glostrup Kommune";1,07136037752023;"27-02-2019";11;1,37561977377814;20;6,5;6,6;-0,0999999999999996;22615;72725;0;0;0;2043;6,76390330128648
"297";2019;"Greve Kommune";2,03175704748803;"31-01-2019";42;2,66024684105775;54;6,9;7,2;-0,3;50267;66126;0;0;0;580;1,92024665430551
"298";2019;"Gribskov Kommune";0,77517451649913;"26-03-2019";13;1,11895063145156;27;6,8;6,8;0;41195;69263;1;1;0;435;1,44018499072913
"299";2019;"Guldborgsund Kommune";2,55068564131883;"22-01-2019";34;1,38935828723285;16;6,3;6,4;-0,100000000000001;60930;67266;0;0;0;357;1,18194492342598
"300";2019;"Haderslev Kommune";4,48821838821995;"26-03-2019";51;1,56364733284256;30;6,6;6,7;-0,100000000000001;55857;64027;0;0;0;379;1,25478186548584
"301";2019;"Halsnæs Kommune";1,26453150871974;"28-03-2019";22;3,39480447542241;43;6,3;6,6;-0,3;31271;85919;1;1;0;450;1,48984654213359
"302";2019;"Hedensted Kommune";0,53056538900397;"14-01-2019";4;3,12672727710055;24;7;6,9;0,0999999999999996;46747;64335;1;1;0;251;0,831003293501178
"303";2019;"Helsingør Kommune";0,794727382059896;"28-01-2019";33;2,0061885602431;86;7;7,3;-0,3;62567;74926;0;0;0;836;2,76780379827484
"304";2019;"Herlev Kommune";0,160837925558353;"26-03-2019";1;4,6928286801569;21;6,7;6,7;0;28786;74488;0;0;0;687;2,27449905432394
"305";2019;"Herning Kommune";2,15186954219254;"20-02-2019";23;2,08750227542963;21;7,2;6,9;0,3;88917;62527;0;0;0;328;1,0859325907107
"306";2019;"Hillerød Kommune";3,4915098823627;"11-03-2019";50;0,972639731528566;19;7,3;7,5;-0,2;50998;74812;1;1;0;632;2,09240669917428
"307";2019;"Hjørring Kommune";1,21297070948476;"25-02-2019";28;1,54211928201605;56;6,7;6,7;0;64665;61960;0;0;0;804;2,66185915527868
"308";2019;"Holbæk Kommune";2,6519390094298;"30-01-2019";71;2,22427040561993;53;6,4;6,6;-0,199999999999999;71297;59793;1;1;0;1147;3,79745329739383
"309";2019;"Holstebro Kommune";5,12488270015522;"21-02-2019";19;0,557213312623321;1;7,4;7,2;0,2;58504;59828;0;0;0;346;1,14552645239605
"310";2019;"Horsens Kommune";2,44311608482054;"17-01-2019";79;1,99061304069003;62;7;6,8;0,2;90370;61871;0;0;0;607;2,00963744683353
"311";2019;"Hvidovre Kommune";2,63618730560714;"14-01-2019";53;1,50733345640257;29;6,7;6,8;-0,0999999999999996;53416;76004;0;0;0;629;2,08247438889339
"312";2019;"Høje-Taastrup Kommune";3,51891048816764;"15-01-2019";89;1,38655728581626;13;6,5;6,5;0;50686;77114;0;0;0;454;1,50308962250811
"313";2019;"Hørsholm Kommune";0,698250936389959;"24-01-2019";10;1,86286515016239;26;7,9;7,9;0;25007;61708;0;0;0;620;2,05267745805072
"314";2019;"Ikast-Brande Kommune";4,09343416554512;"27-03-2019";64;1,49659994614222;29;6,4;6,4;0;41282;62285;1;0;0;373;1,23491724492406
"315";2019;"Ishøj Kommune";0,904595559076425;"21-01-2019";11;1,35841118209501;17;5,7;5,9;-0,2;22946;85951;0;0;0;416;1,37728035895016
"316";2019;"Jammerbugt Kommune";1,09317376296886;"14-01-2019";25;2,16899272576663;52;7;6,7;0,3;38460;68966;0;0;0;340;1,12566183183427
"317";2019;"Kalundborg Kommune";2,09016750575554;"23-01-2019";51;1,63841372867689;40;6;6,3;-0,3;48681;73322;0;0;0;267;0,883975614999261
"318";2019;"Kerteminde Kommune";0,476227721037487;"14-01-2019";3;1,14040404128157;8;7,2;6,9;0,3;23773;69186;1;1;0;334;1,10579721127248
"319";2019;"Kolding Kommune";0,859946438014833;"16-01-2019";42;0,944910365771124;30;7,4;7,1;0,300000000000001;92893;61621;0;0;0;423;1,40045574960557
"320";2019;"Københavns Kommune";1,5794165488514;"20-02-2019";45;5,16330729221833;97;6,9;7,1;-0,199999999999999;623404;66679;0;0;0;649;2,14868979076599
"321";2019;"Køge Kommune";1,51799352209685;"09-01-2019";12;0,583524698410978;3;7,1;7;0,0999999999999996;60675;72296;1;1;0;442;1,46336038138455
"322";2019;"Langeland Kommune";1,39495218909281;"26-02-2019";23;0,278777525359243;5;6;6,1;-0,0999999999999996;12560;92389;1;1;1;285;0,943569476684605
"323";2019;"Lejre Kommune";3,22012166056526;"29-01-2019";65;0,923380830780145;17;7,3;7,4;-0,100000000000001;27775;66926;0;0;0;407;1,34748342810749
"324";2019;"Lemvig Kommune";1,036749837781;"19-03-2019";10;0,607940604183462;7;7;6,9;0,0999999999999996;19998;72285;0;0;0;234;0,774720201909465
"325";2019;"Lolland Kommune";0,956409088525167;"10-01-2019";16;2,44735593137523;51;5,9;5,9;0;41615;75285;0;0;0;1260;4,17157031797404
"326";2019;"Lyngby-Taarbæk Kommune";2,19948037935673;"24-01-2019";110;2,43270209206951;119;8,1;8;0,0999999999999996;55790;64546;0;0;0;675;2,23476981320038
"327";2019;"Læsø Kommune";1,16115767326505;"11-03-2019";5;1,0308211621438;4;6,9;6,8;0,100000000000001;1806;100530;1;1;1;141;0,466818583201857
"328";2019;"Mariagerfjord Kommune";0,732032783952127;"15-01-2019";10;1,53413408895593;18;7;6,8;0,2;42055;67653;0;0;0;440;1,45673884119728
"329";2019;"Middelfart Kommune";1,89529108933801;"12-03-2019";17;1,56628841791847;13;6,9;7;-0,0999999999999996;38553;64849;0;0;0;299;0,989920257995428
"330";2019;"Morsø Kommune";1,18097923280784;"20-02-2019";9;0,6963412180674;4;7,1;6,6;0,5;20403;69409;0;0;0;394;1,3044434168903
"331";2019;"Norddjurs Kommune";0,230055123617349;"28-03-2019";11;0,628736434376551;15;6,3;6,2;0,0999999999999996;37680;73182;0;0;0;259;0,85748945425022
"332";2019;"Nordfyns Kommune";2,18819999265397;"12-03-2019";15;1,92803808230018;13;6,7;6,7;0;29693;68640;0;0;0;502;1,66200658700236
"333";2019;"Nyborg Kommune";0,686152533774464;"16-01-2019";14;3,6385362116235;43;6,3;6,5;-0,2;32042;61396;0;0;0;572;1,89376049355647
"334";2019;"Næstved Kommune";2,82502719130218;"18-03-2019";153;2,93804943352264;122;6,7;6,8;-0,0999999999999996;82991;63503;0;0;0;1277;4,22785340956576
"335";2019;"Odder Kommune";1,77894618230447;"18-03-2019";18;0,928222184461386;8;6,9;7;-0,0999999999999996;22675;59924;0;0;0;289;0,956812557059126
"336";2019;"Odense Kommune";0,745584747419232;"26-03-2019";36;3,32846613316848;146;6,9;6,9;0;204182;63308;0;0;0;466;1,54281886363167
"337";2019;"Odsherred Kommune";1,49510659202463;"15-01-2019";22;1,07528766677968;18;6,2;6,3;-0,0999999999999996;33122;78705;0;0;0;544;1,80105893093482
"338";2019;"Randers Kommune";3,6950267142712;"26-03-2019";115;1,05885686284595;34;6,7;6,5;0,2;97909;63027;1;1;0;438;1,45011730101002
"339";2019;"Rebild Kommune";1,77531684206741;"09-01-2019";60;2,29926459293496;74;7,3;7,2;0,0999999999999996;29916;62699;0;0;0;394;1,3044434168903
"340";2019;"Ringkøbing-Skjern Kommune";1,62691768072847;"28-02-2019";50;1,37445084877615;52;6,5;6,5;0;56930;63412;1;0;0;227;0,751544811254054
"341";2019;"Ringsted Kommune";2,36335784033327;"30-04-2019";88;1,27171171749256;42;6,5;6,6;-0,0999999999999996;34725;65449;0;0;0;335;1,10910798136611
"342";2019;"Roskilde Kommune";0,707168800505296;"30-01-2019";21;3,75520547399378;58;7,5;7,5;0;87577;73651;0;0;0;482;1,59579118512975
"343";2019;"Rudersdal Kommune";2,25451764540913;"16-01-2019";30;3,31713278001137;46;8,1;8,1;0;56509;61088;0;0;0;538;1,78119431037304
"344";2019;"Rødovre Kommune";2,7059269256636;"15-01-2019";40;1,73575739571275;22;6,8;6,9;-0,100000000000001;40052;78759;0;0;0;558;1,84740971224565
"345";2019;"Samsø Kommune";0,920648147241197;"12-03-2019";24;0,610522974001795;20;5,8;6;-0,2;3684;81126;0;0;1;200;0,662154018726039
"346";2019;"Silkeborg Kommune";2,09045275615243;"07-01-2019";50;1,79912804101118;42;7,3;7,2;0,0999999999999996;93054;61247;0;0;0;387;1,28126802623488
"347";2019;"Skanderborg Kommune";0,822715085832149;"09-01-2019";30;2,07080277431321;63;7,2;7,3;-0,0999999999999996;61974;63629;0;0;0;434;1,4368742206355
"348";2019;"Skive Kommune";1,40339830602172;"16-01-2019";22;1,31623803788171;20;6,7;6,7;0;46224;68461;0;0;0;296;0,979987947714537
"349";2019;"Slagelse Kommune";2,88370046533781;"07-01-2019";103;1,4609001262706;49;6,6;6,5;0,0999999999999996;79073;69590;1;1;0;343;1,13559414211516
"350";2019;"Solrød Kommune";1,78026947494044;"15-01-2019";35;1,89747498686633;32;7,6;7,5;0,0999999999999996;23065;62455;0;0;0;686;2,27118828423031
"351";2019;"Sorø Kommune";0,659479624946306;"08-01-2019";10;2,52492796993745;45;6,8;6,8;0;29834;66476;0;0;0;464;1,53619732344441
"352";2019;"Stevns Kommune";1,53749083115072;"25-04-2019";35;2,54893671849946;40;6,8;6,9;-0,100000000000001;22782;57326;1;1;0;551;1,82423432159024
"353";2019;"Struer Kommune";2,38716739228878;"10-04-2019";18;0,658304565301317;4;7,1;6,9;0,199999999999999;21143;75956;1;1;0;290;0,960123327152756
"354";2019;"Svendborg Kommune";1,24169020540841;"16-01-2019";28;0,849360257016506;17;7,1;7;0,0999999999999996;58599;67780;1;1;0;454;1,50308962250811
"355";2019;"Syddjurs Kommune";1,62902255451009;"22-01-2019";30;1,76983688881321;36;6,9;6,8;0,100000000000001;42768;68149;1;1;0;361;1,1951880038005
"356";2019;"Sønderborg Kommune";1,20781353996924;"06-03-2019";12;1,00387813816683;9;7;6,8;0,2;74561;64524;0;0;0;342;1,13228337202153
"357";2019;"Thisted Kommune";2,18311159725478;"15-01-2019";49;2,96980658285474;70;6,9;6,7;0,2;43660;65831;1;1;0;270;0,893907925280152
"358";2019;"Tønder Kommune";1,84427752664804;"16-01-2019";22;1,42285922333576;18;6,4;6,4;0;37587;63930;0;0;0;253;0,837624833688439
"359";2019;"Tårnby Kommune";1,32905360631073;"24-01-2019";13;0,653215473721443;7;6,6;6,8;-0,2;42984;68575;1;0;0;603;1,99639436645901
"360";2019;"Vallensbæk Kommune";2,43299964689216;"16-01-2019";29;1,76677993390268;14;7,2;6,8;0,4;16654;68371;0;0;0;700;2,31753906554113
"361";2019;"Varde Kommune";0,389180415130444;"23-04-2019";7;1,96376268467315;34;7,1;6,8;0,3;50129;66978;0;0;0;254;0,840935603782069
"362";2019;"Vejen Kommune";0,664398576060674;"28-02-2019";11;3,41944480159432;31;7;6,7;0,3;42863;62294;0;0;0;309;1,02302795893173
"363";2019;"Vejle Kommune";2,53126687877562;"28-02-2019";53;1,3877168713792;29;7,2;7,1;0,100000000000001;114830;64442;0;0;0;415;1,37396958885653
"364";2019;"Vesthimmerlands Kommune";1,022812147822;"08-01-2019";42;1,46098759678939;50;6,5;6,5;0;37121;67926;1;1;0;263;0,870732534624741
"365";2019;"Viborg Kommune";0,60203887190415;"29-01-2019";17;0,974880425197793;26;7,1;7,1;0;97113;61562;1;1;0;373;1,23491724492406
"366";2019;"Vordingborg Kommune";2,528558604753;"16-01-2019";66;1,39514812784551;33;5,9;6,4;-0,5;45816;67347;1;1;0;590;1,95335435524181
"367";2019;"Ærø Kommune";0,335438308693258;"28-01-2019";13;1,24745018910625;28;7,5;7,1;0,4;6058;63595;1;0;1;436;1,44349576082276
"368";2019;"Aabenraa Kommune";2,74800620308442;"12-03-2019";61;1,13245634182924;27;6,7;6,5;0,2;59035;64825;0;0;0;283;0,936947936497345
"369";2019;"Aalborg Kommune";1,04278791298375;"30-04-2019";46;2,44825818203289;101;7,1;7;0,0999999999999996;215312;69837;0;0;0;378;1,25147109539221
"370";2019;"Aarhus Kommune";1,62562621518205;"27-03-2019";7;0,300741050564967;2;7,3;7,2;0,0999999999999996;345332;64408;0;0;0;592;1,95997589542907
